
  --------------------------------- START OF FEAP LOG ----------------------------------

  INPUT FILE NAME: Itayl                                                                                                                           

  MESH INPUT RECORDS
  ------------------
     PARAmeter                      
     noprint                        
     BLOCk           1              
     EBOUndary                      
     mate            1              
     end                            

  SOLUTION SUMMARY
  ----------------

  Load    Total     Solution      Time     Residual Norm        Energy Norm     CPU Time
  Step  Tang+Forms      Time      Incr.  Initial     Final   Initial     Final (Seconds)
  --------------------------------------------------------------------------------------
     1     7    0  1.000E-06  1.00E-06  3.90E+04  1.70E-06  1.43E+02  2.10E-19      0.07
     2     6    0  2.000E-06  1.00E-06  3.88E+04  8.41E-04  1.40E+02  3.39E-15      0.11
     3     6    0  3.000E-06  1.00E-06  3.80E+04  6.62E-06  1.37E+02  1.15E-18      0.15
     4     6    0  4.000E-06  1.00E-06  3.75E+04  1.57E-04  1.35E+02  1.66E-16      0.18
     5     6    0  5.000E-06  1.00E-06  3.72E+04  6.60E-06  1.32E+02  1.34E-18      0.22
     6     6    0  6.000E-06  1.00E-06  3.68E+04  4.90E-07  1.30E+02  1.15E-20      0.26
     7     5    0  7.000E-06  1.00E-06  3.65E+04  1.01E-03  1.27E+02  1.15E-14      0.29
     8     6    0  8.000E-06  1.00E-06  3.60E+04  3.64E-06  1.25E+02  2.95E-19      0.32
     9     6    0  9.000E-06  1.00E-06  3.57E+04  3.08E-07  1.22E+02  4.65E-21      0.36
    10     5    0  1.000E-05  1.00E-06  3.53E+04  6.82E-04  1.19E+02  8.84E-15      0.40
    11     5    0  1.100E-05  1.00E-06  3.49E+04  5.10E-04  1.17E+02  8.05E-15      0.44
    12     6    0  1.200E-05  1.00E-06  3.45E+04  1.20E-06  1.14E+02  2.05E-20      0.48
    13     6    0  1.300E-05  1.00E-06  3.41E+04  5.64E-06  1.11E+02  4.56E-19      0.51
    14     6    0  1.400E-05  1.00E-06  3.37E+04  4.72E-06  1.08E+02  3.00E-19      0.55
    15     6    0  1.500E-05  1.00E-06  3.32E+04  2.27E-06  1.06E+02  9.38E-20      0.59
    16     6    0  1.600E-05  1.00E-06  3.28E+04  1.33E-05  1.03E+02  1.11E-18      0.63
    17     5    0  1.700E-05  1.00E-06  3.24E+04  5.98E-04  1.00E+02  7.52E-15      0.66
    18     6    0  1.800E-05  1.00E-06  3.19E+04  4.21E-06  9.75E+01  3.42E-19      0.70
    19     6    0  1.900E-05  1.00E-06  3.14E+04  5.81E-07  9.47E+01  1.40E-20      0.74
    20     6    0  2.000E-05  1.00E-06  3.10E+04  1.10E-04  9.19E+01  1.11E-16      0.79
    21     6    0  2.100E-05  1.00E-06  3.05E+04  2.72E-06  8.92E+01  2.19E-19      0.83
    22     6    0  2.200E-05  1.00E-06  3.00E+04  1.79E-06  8.65E+01  9.61E-20      0.86
    23     6    0  2.300E-05  1.00E-06  2.96E+04  1.22E-06  8.38E+01  5.35E-20      0.90
    24     6    0  2.400E-05  1.00E-06  2.91E+04  6.73E-07  8.11E+01  1.78E-20      0.94
    25     6    0  2.500E-05  1.00E-06  2.86E+04  6.94E-07  7.85E+01  3.01E-20      0.98
    26     6    0  2.600E-05  1.00E-06  2.81E+04  6.77E-07  7.59E+01  2.33E-20      1.02
    27     5    0  2.700E-05  1.00E-06  2.76E+04  8.33E-04  7.32E+01  6.79E-15      1.05
    28     5    0  2.800E-05  1.00E-06  2.71E+04  5.29E-04  7.07E+01  5.13E-15      1.09
    29     6    0  2.900E-05  1.00E-06  2.66E+04  7.20E-07  6.81E+01  3.25E-20      1.13
    30     6    0  3.000E-05  1.00E-06  2.61E+04  6.64E-07  6.56E+01  2.53E-20      1.18
    31     5    0  3.100E-05  1.00E-06  2.56E+04  5.35E-04  6.31E+01  5.93E-15      1.22
    32     6    0  3.200E-05  1.00E-06  2.51E+04  3.22E-07  6.06E+01  7.75E-21      1.26
    33     6    0  3.300E-05  1.00E-06  2.46E+04  5.92E-07  5.82E+01  2.20E-20      1.30
    34     6    0  3.400E-05  1.00E-06  2.40E+04  6.40E-07  5.58E+01  2.44E-20      1.34
    35     6    0  3.500E-05  1.00E-06  2.35E+04  4.86E-07  5.35E+01  1.40E-20      1.38
    36     6    0  3.600E-05  1.00E-06  2.30E+04  3.50E-07  5.12E+01  7.36E-21      1.42
    37     6    0  3.700E-05  1.00E-06  2.25E+04  7.65E-07  4.89E+01  1.46E-20      1.46
    38     6    0  3.800E-05  1.00E-06  2.20E+04  1.61E-06  4.67E+01  1.23E-19      1.50
    39     6    0  3.900E-05  1.00E-06  2.14E+04  8.93E-07  4.45E+01  2.09E-20      1.54
    40     6    0  4.000E-05  1.00E-06  2.09E+04  5.62E-07  4.24E+01  1.18E-20      1.60
    41     6    0  4.100E-05  1.00E-06  2.04E+04  6.33E-07  4.03E+01  1.22E-20      1.64
    42     6    0  4.200E-05  1.00E-06  1.99E+04  4.41E-07  3.83E+01  6.15E-21      1.69
    43     6    0  4.300E-05  1.00E-06  1.93E+04  9.43E-06  3.63E+01  1.57E-18      1.73
    44     6    0  4.400E-05  1.00E-06  1.88E+04  3.82E-07  3.43E+01  4.04E-21      1.78
    45     6    0  4.500E-05  1.00E-06  1.83E+04  2.82E-07  3.24E+01  2.27E-21      1.82
    46     6    0  4.600E-05  1.00E-06  1.78E+04  5.10E-06  3.06E+01  9.18E-19      1.86
    47     6    0  4.700E-05  1.00E-06  1.72E+04  4.72E-07  2.88E+01  7.00E-21      1.90
    48     6    0  4.800E-05  1.00E-06  1.67E+04  5.55E-07  2.70E+01  8.54E-21      1.94
    49     6    0  4.900E-05  1.00E-06  1.62E+04  9.42E-07  2.54E+01  1.51E-20      1.99
    50     6    0  5.000E-05  1.00E-06  1.57E+04  1.29E-06  2.37E+01  3.06E-20      2.04
    51     6    0  5.100E-05  1.00E-06  1.52E+04  1.22E-06  2.22E+01  3.19E-20      2.09
    52     6    0  5.200E-05  1.00E-06  1.46E+04  7.75E-07  2.07E+01  2.28E-20      2.13
    53     6    0  5.300E-05  1.00E-06  1.41E+04  1.01E-06  1.92E+01  3.45E-20      2.18
    54     6    0  5.400E-05  1.00E-06  1.36E+04  1.69E-06  1.79E+01  5.63E-20      2.22
    55     6    0  5.500E-05  1.00E-06  1.31E+04  2.85E-05  1.66E+01  3.87E-17      2.26
    56     6    0  5.600E-05  1.00E-06  1.26E+04  1.50E-06  1.53E+01  5.01E-20      2.30
    57     6    0  5.700E-05  1.00E-06  1.21E+04  5.25E-06  1.41E+01  6.37E-19      2.34
    58     7    0  5.800E-05  1.00E-06  1.17E+04  3.98E-07  1.30E+01  4.19E-21      2.38
    59     6    0  5.900E-05  1.00E-06  1.12E+04  1.88E-05  1.19E+01  5.29E-18      2.42
    60     6    0  6.000E-05  1.00E-06  1.07E+04  1.71E-04  1.09E+01  4.59E-16      2.47
    61     6    0  6.100E-05  1.00E-06  1.02E+04  7.35E-06  9.88E+00  9.89E-19      2.51
    62     6    0  6.200E-05  1.00E-06  9.68E+03  1.12E-05  8.94E+00  1.27E-18      2.55
    63     6    0  6.300E-05  1.00E-06  9.18E+03  1.87E-06  8.05E+00  7.19E-20      2.59
    64     6    0  6.400E-05  1.00E-06  8.69E+03  7.48E-06  7.20E+00  7.72E-19      2.62
    65     6    0  6.500E-05  1.00E-06  8.19E+03  1.96E-06  6.40E+00  7.32E-20      2.66
    66     6    0  6.600E-05  1.00E-06  7.70E+03  1.09E-05  5.64E+00  1.53E-18      2.70
    67     6    0  6.700E-05  1.00E-06  7.20E+03  1.85E-05  4.93E+00  2.65E-18      2.74
    68     6    0  6.800E-05  1.00E-06  6.71E+03  4.10E-05  4.27E+00  1.47E-17      2.78
    69     6    0  6.900E-05  1.00E-06  6.21E+03  2.25E-05  3.66E+00  4.89E-18      2.82
    70     6    0  7.000E-05  1.00E-06  5.72E+03  8.11E-07  3.09E+00  1.50E-20      2.86
    71     6    0  7.100E-05  1.00E-06  5.23E+03  7.35E-07  2.57E+00  1.05E-20      2.90
    72     7    0  7.200E-05  1.00E-06  4.74E+03  3.73E-07  2.10E+00  1.06E-20      2.94
    73     6    0  7.300E-05  1.00E-06  4.25E+03  2.65E-05  1.68E+00  7.58E-18      2.98
    74     6    0  7.400E-05  1.00E-06  3.77E+03  5.12E-07  1.31E+00  1.46E-20      3.02
    75     6    0  7.500E-05  1.00E-06  3.28E+03  3.75E-07  9.81E-01  1.69E-21      3.06
    76     6    0  7.600E-05  1.00E-06  2.81E+03  1.20E-07  7.04E-01  3.88E-22      3.09
    77     6    0  7.700E-05  1.00E-06  2.34E+03  4.53E-08  4.73E-01  1.30E-22      3.13
    78     6    0  7.800E-05  1.00E-06  1.89E+03  7.62E-08  2.90E-01  1.53E-22      3.17
    79     6    0  7.900E-05  1.00E-06  1.46E+03  6.36E-07  1.52E-01  9.12E-21      3.20
